%YAML:1.0
camera matrix: !!opencv-matrix
   rows: 3
   cols: 3
   dt: d
   data: [ 7.7054988327306353e+02, 0., 3.0418243615800037e+02, 0.,
       7.7330219542131852e+02, 4.3688953000362517e+02, 0., 0., 1. ]
dist coeff: !!opencv-matrix
   rows: 1
   cols: 5
   dt: d
   data: [ -6.3863042175956409e-03, 6.4562802960030263e-01,
       1.6228722375819772e-02, -2.6168934808645395e-03,
       -1.8312780589659161e+00 ]
rvecs:
   - !!opencv-matrix
      rows: 3
      cols: 1
      dt: d
      data: [ 8.3755635249829374e-02, -6.2263467683414120e-02,
          -1.5866001339572773e+00 ]
   - !!opencv-matrix
      rows: 3
      cols: 1
      dt: d
      data: [ -4.2088376090003854e-01, 3.7314847075998803e-01,
          -1.5509714138744246e+00 ]
   - !!opencv-matrix
      rows: 3
      cols: 1
      dt: d
      data: [ 7.4113575465279247e-01, -3.4414441613698560e-01,
          -1.5318447219639182e+00 ]
   - !!opencv-matrix
      rows: 3
      cols: 1
      dt: d
      data: [ -4.1265076668953210e-01, -5.2328604569930337e-01,
          -1.5435898505908370e+00 ]
   - !!opencv-matrix
      rows: 3
      cols: 1
      dt: d
      data: [ 1.6679244770635387e-01, 2.9023661524217914e-01,
          -7.3853451518811974e-01 ]
   - !!opencv-matrix
      rows: 3
      cols: 1
      dt: d
      data: [ 2.3936923241648747e-01, 2.5497873578388386e-01,
          -9.1121684604758346e-01 ]
   - !!opencv-matrix
      rows: 3
      cols: 1
      dt: d
      data: [ 9.1097376879886449e-02, 3.3907439152436095e-03,
          -1.4646033080410927e+00 ]
   - !!opencv-matrix
      rows: 3
      cols: 1
      dt: d
      data: [ -4.3915077614783787e-01, -6.7546310758820882e-01,
          -1.5267865759696222e+00 ]
   - !!opencv-matrix
      rows: 3
      cols: 1
      dt: d
      data: [ 6.7310906680685678e-01, 7.6461725909609879e-01,
          -1.4414268997927344e+00 ]
   - !!opencv-matrix
      rows: 3
      cols: 1
      dt: d
      data: [ 6.5472069911926900e-01, 7.2840741486476446e-01,
          -1.4434597154440505e+00 ]
   - !!opencv-matrix
      rows: 3
      cols: 1
      dt: d
      data: [ 3.8927790705109583e-01, 4.9625976571423375e-01,
          -1.4349198404954291e+00 ]
   - !!opencv-matrix
      rows: 3
      cols: 1
      dt: d
      data: [ -6.2197429926399117e-01, -7.7124229680599410e-01,
          -1.4374446338862974e+00 ]
   - !!opencv-matrix
      rows: 3
      cols: 1
      dt: d
      data: [ -6.4121917897480663e-01, -6.2843682250692678e-01,
          -1.5123853893213270e+00 ]
   - !!opencv-matrix
      rows: 3
      cols: 1
      dt: d
      data: [ -2.0034905353776694e-01, -1.5381633501439462e-01,
          -1.6280993122854641e+00 ]
   - !!opencv-matrix
      rows: 3
      cols: 1
      dt: d
      data: [ -1.7652588901576471e-01, 1.5969111364630140e-01,
          -2.1915850932881624e+00 ]
   - !!opencv-matrix
      rows: 3
      cols: 1
      dt: d
      data: [ 4.5524665836299033e-01, -3.9801489285606270e-02,
          -9.8877329433257477e-01 ]
   - !!opencv-matrix
      rows: 3
      cols: 1
      dt: d
      data: [ -3.0818629907979506e-01, 4.7202734372188679e-02,
          -1.9032968167598689e+00 ]
   - !!opencv-matrix
      rows: 3
      cols: 1
      dt: d
      data: [ -2.7551093619881798e-03, -2.4460610257641155e-01,
          -1.4443985270480113e+00 ]
   - !!opencv-matrix
      rows: 3
      cols: 1
      dt: d
      data: [ 9.4893265437334742e-02, 1.8257502467998541e-02,
          -1.5780698518069656e+00 ]
   - !!opencv-matrix
      rows: 3
      cols: 1
      dt: d
      data: [ -2.8182909846765986e-01, 4.2086187123189828e-01,
          -1.5535229977400429e+00 ]
   - !!opencv-matrix
      rows: 3
      cols: 1
      dt: d
      data: [ 7.3113564836258327e-01, -2.0355299872817154e-01,
          -1.4135030223332838e+00 ]
   - !!opencv-matrix
      rows: 3
      cols: 1
      dt: d
      data: [ -2.4340684330220547e-01, -3.4189886229793610e-02,
          -1.4833447419938102e+00 ]
   - !!opencv-matrix
      rows: 3
      cols: 1
      dt: d
      data: [ -2.4256131949827711e-01, -4.3440243648158509e-02,
          -1.4766331586249586e+00 ]
   - !!opencv-matrix
      rows: 3
      cols: 1
      dt: d
      data: [ 9.6185679093735987e-02, 2.0964876467630469e-01,
          -1.6383982411413971e+00 ]
   - !!opencv-matrix
      rows: 3
      cols: 1
      dt: d
      data: [ 4.0497371100609011e-02, 5.3579566179469729e-01,
          -1.8800807902084999e+00 ]
   - !!opencv-matrix
      rows: 3
      cols: 1
      dt: d
      data: [ 5.3167537730860626e-01, 4.5971884832791257e-02,
          -1.3606956750978279e+00 ]
   - !!opencv-matrix
      rows: 3
      cols: 1
      dt: d
      data: [ 3.3527957650702767e-01, 4.6232264880311513e-02,
          -1.0723249220545001e+00 ]
   - !!opencv-matrix
      rows: 3
      cols: 1
      dt: d
      data: [ 5.9314257248365157e-02, 3.8728994872726097e-01,
          -1.5692926375286345e+00 ]
