%YAML:1.0
reference: !!opencv-matrix
   rows: 152
   cols: 1
   dt: f
   data: [ -5.48812141e+01, -2.13055649e+01, -5.48720512e+01,
       -4.52235413e+00, -5.27997360e+01, 1.07282181e+01, -4.94488831e+01,
       2.56858482e+01, -4.09014359e+01, 4.12996025e+01, -2.84272861e+01,
       5.18394775e+01, -1.30279160e+01, 5.91042938e+01, 2.91892028e+00,
       6.12467804e+01, 1.68107319e+01, 5.76514587e+01, 2.75456390e+01,
       4.88257790e+01, 3.57014656e+01, 3.82489090e+01, 4.10270882e+01,
       2.50906715e+01, 4.39755630e+01, 7.95469475e+00, 4.51187859e+01,
       -7.32066774e+00, 4.35771637e+01, -2.31566601e+01, 3.72183228e+01,
       -3.34758644e+01, 2.89202137e+01, -4.09574013e+01, 1.88461266e+01,
       -4.03426514e+01, 9.79778957e+00, -3.38769760e+01, 1.95608902e+01,
       -3.42518234e+01, 2.86266708e+01, -3.49145737e+01, -4.12764778e+01,
       -3.04725761e+01, -3.18678951e+01, -3.85025749e+01,
       -2.04042168e+01, -3.89579620e+01, -9.99510288e+00,
       -3.33052292e+01, -2.09310150e+01, -3.30372238e+01,
       -3.12061920e+01, -3.28737793e+01, -3.21577606e+01,
       -2.11323776e+01, -2.36597805e+01, -2.58534355e+01,
       -1.49171619e+01, -2.13848476e+01, -2.35326195e+01,
       -1.84069996e+01, -2.33825588e+01, -2.24888058e+01, 3.02206211e+01,
       -2.30993557e+01, 2.21775284e+01, -2.71939945e+01, 1.37263832e+01,
       -2.25274715e+01, 2.23309784e+01, -2.01215591e+01, 2.23521404e+01,
       -2.38144684e+01, -5.41891479e+00, -2.18344078e+01,
       -6.13280725e+00, -7.70745134e+00, -1.37578754e+01, 5.56290090e-01,
       -1.01374359e+01, 7.59490108e+00, 2.71320343e+00, 9.36453629e+00,
       1.36026926e+01, 6.87377310e+00, 1.59110222e+01, -2.73574024e-01,
       8.44348049e+00, -9.21476078e+00, 5.84385061e+00, -2.26224365e+01,
       -5.42382526e+00, 5.05481434e+00, 1.03286734e+01, 4.62146235e+00,
       -1.80558300e+01, 2.58442802e+01, -9.60562611e+00, 2.01890469e+01,
       -1.87155354e+00, 1.80062580e+01, 2.91246247e+00, 1.87832165e+01,
       7.13272858e+00, 1.75131931e+01, 1.41829844e+01, 1.92054253e+01,
       2.04794025e+01, 2.41206894e+01, 1.64540730e+01, 3.01826305e+01,
       1.03849096e+01, 3.36582260e+01, 2.97978067e+00, 3.48136063e+01,
       -5.58229113e+00, 3.43130722e+01, -1.28994341e+01, 3.14782887e+01,
       -6.73640871e+00, 2.75815639e+01, 2.73582959e+00, 2.84418907e+01,
       1.13281937e+01, 2.68006840e+01, 1.12781029e+01, 2.30162678e+01,
       2.69348001e+00, 2.34443188e+01, -6.69026089e+00, 2.37393494e+01,
       2.70545149e+00, 2.57883530e+01, 3.24699664e+00, 5.68818394e-03,
       -2.79086685e+01, -2.34924831e+01, -1.92878437e+01,
       -2.36186504e+01, -1.92243652e+01, -1.98954735e+01,
       -2.78450432e+01, -1.97690678e+01, 2.61997204e+01, -2.51465855e+01,
       1.79520245e+01, -2.48607178e+01, 1.80288696e+01, -2.13244438e+01,
       2.62765331e+01, -2.16103249e+01 ]
detectorOffset: [ 3.5691356752067804e-03, 7.5400888919830322e-02,
    7.9647330567240715e-03 ]
cascadeXMLFilename: "/usr/local/Cellar/opencv/2.4.7.1/share/OpenCV/haarcascades/haarcascade_frontalface_default.xml"
