%YAML:1.0
parameterVec: !!opencv-matrix
   rows: 0
   cols: 0
   dt: u
   data: []
shapeBasis: !!opencv-matrix
   rows: 152
   cols: 12
   dt: f
   data: [ -1.69044197e-01, 6.56250417e-02, 1.14707865e-01,
       -3.99167172e-10, 2.31393814e-01, -8.05122480e-02, 1.57260999e-01,
       4.47757309e-03, 4.47851866e-02, 7.86174983e-02, -6.06470369e-03,
       -1.09022506e-01, -6.56250417e-02, -1.69044197e-01, 3.98758887e-10,
       1.14707865e-01, 4.81550507e-02, 8.39228556e-02, 1.05238315e-02,
       -8.78396034e-02, 5.32665737e-02, 4.47927378e-02, 1.77419353e-02,
       1.88866556e-02, -1.69015974e-01, 1.39296791e-02, 1.14707865e-01,
       -3.74988623e-10, 2.94538856e-01, -1.20403081e-01, 1.19777307e-01,
       -1.18221799e-02, 2.95916274e-02, 6.64349645e-02, -1.19205285e-02,
       -1.34616524e-01, -1.39296791e-02, -1.69015974e-01, 3.73845815e-10,
       1.14707865e-01, 4.21253815e-02, 4.33796346e-02, 8.71406216e-03,
       -6.25801459e-02, 6.73894659e-02, 4.24056575e-02, 8.76599103e-02,
       -2.99734273e-03, -1.62632868e-01, -3.30448784e-02, 1.14707865e-01,
       -3.39157452e-10, 2.96422243e-01, -1.72425851e-01, 9.80111584e-02,
       -4.00243439e-02, 1.80226825e-02, 1.55840488e-02, 1.32611385e-02,
       -1.43674567e-01, 3.30448784e-02, -1.62632868e-01, 3.37397638e-10,
       1.14707865e-01, -2.25491207e-02, -2.33206972e-02, 7.50315143e-03,
       -5.34745269e-02, 1.75416749e-02, -1.97873320e-02, 1.98926270e-01,
       8.50784257e-02, -1.52311623e-01, -7.91171193e-02, 1.14707865e-01,
       -2.95161284e-10, 2.87299842e-01, -2.50226021e-01, 5.94142675e-02,
       -7.36906156e-02, -3.93392984e-03, -6.64472282e-02, 4.67703082e-02,
       -1.01968408e-01, 7.91171193e-02, -1.52311623e-01, 2.92828511e-10,
       1.14707865e-01, -2.56881490e-02, -1.02734327e-01, 2.70444006e-02,
       -1.22230910e-02, 4.39914465e-02, -1.56965449e-01, 2.82191396e-01,
       1.36974111e-01, -1.25983924e-01, -1.27210349e-01, 1.14707865e-01,
       -2.15324841e-10, 2.16006294e-01, -2.65825808e-01, 3.59809026e-02,
       -7.64778852e-02, -3.81831490e-02, -1.44554660e-01, 1.34847656e-01,
       -9.43755209e-02, 1.27210349e-01, -1.25983924e-01, 2.12517379e-10,
       1.14707865e-01, -4.71195579e-02, 2.05245204e-02, 1.18764818e-01,
       9.00572315e-02, 4.17509563e-02, -9.27587077e-02, 3.10444593e-01,
       -2.77725048e-02, -8.75612497e-02, -1.59675092e-01, 1.14707865e-01,
       -1.16409847e-10, 8.69238079e-02, -1.73514441e-01, 2.28062570e-02,
       -4.90986630e-02, -5.34182861e-02, -1.19132064e-01, 1.82198033e-01,
       -7.50642866e-02, 1.59675092e-01, -8.75612497e-02, 1.13445774e-10,
       1.14707865e-01, -6.37586936e-02, 7.07596093e-02, 1.75843894e-01,
       1.19755268e-01, -1.65424624e-03, 3.17355641e-03, 2.34812289e-01,
       -1.24210916e-01, -4.01283689e-02, -1.82052061e-01, 1.14707865e-01,
       -2.55691475e-12, -4.12590913e-02, -3.19658369e-02, 1.65963881e-02,
       -8.96195136e-03, 6.66042790e-03, -5.26932366e-02, 9.66300666e-02,
       7.23006018e-03, 1.82052061e-01, -4.01283689e-02, -3.48923500e-13,
       1.14707865e-01, -4.67337631e-02, 4.36678678e-02, 1.85311571e-01,
       8.08693692e-02, -7.84765482e-02, 5.75187691e-02, 1.60421163e-01,
       -1.82100073e-01, 8.99080932e-03, -1.88651308e-01, 1.14707865e-01,
       1.07611843e-10, -7.48434812e-02, 1.15515972e-02, 6.49484061e-03,
       -1.01454733e-02, 1.91073604e-02, -8.96940473e-03, 4.16730940e-02,
       2.55738385e-03, 1.88651308e-01, 8.99080932e-03, -1.10221825e-10,
       1.14707865e-01, -9.06584901e-04, 3.47468518e-02, 2.01474994e-01,
       7.39230812e-02, -1.03058837e-01, 1.07634477e-01, 1.02261297e-01,
       -2.09027767e-01, 5.17801382e-02, -1.77577063e-01, 1.14707865e-01,
       1.95735136e-10, 1.34740854e-02, 7.68263191e-02, 6.74648583e-03,
       5.40512279e-02, 2.12843027e-02, -1.35602197e-02, 9.44690779e-02,
       5.90567514e-02, 1.77577063e-01, 5.17801382e-02, -1.97848293e-10,
       1.14707865e-01, 3.01138796e-02, 4.95393351e-02, 2.08842248e-01,
       9.66289937e-02, -7.89299309e-02, 1.14049092e-01, 3.59130800e-02,
       -2.22164407e-01, 8.48456174e-02, -1.50392354e-01, 1.14707865e-01,
       2.55142518e-10, 9.65723097e-02, 1.78816825e-01, 1.17637189e-02,
       1.36082381e-01, 1.13264667e-02, 2.05337871e-02, 1.68255448e-01,
       1.77075535e-01, 1.50392354e-01, 8.48456174e-02, -2.56606986e-10,
       1.14707865e-01, 6.92526475e-02, 6.41743392e-02, 2.21216291e-01,
       1.40694350e-01, 4.79069613e-02, 8.85925740e-02, -1.10151790e-01,
       -2.29050413e-01, 1.09967060e-01, -1.17813647e-01, 1.14707865e-01,
       2.94713809e-10, 1.98338076e-01, 2.30396032e-01, 2.01769616e-03,
       1.67835861e-01, 1.55012989e-02, 7.36962631e-02, 1.05044067e-01,
       1.64966643e-01, 1.17813647e-01, 1.09967060e-01, -2.95515945e-10,
       1.14707865e-01, 6.72337487e-02, 2.73284353e-02, 1.62002131e-01,
       1.34515971e-01, 9.52083766e-02, 4.73082997e-02, -2.09710881e-01,
       -1.47925064e-01, 1.26370952e-01, -7.72838667e-02, 1.14707865e-01,
       3.11569687e-10, 2.56193191e-01, 2.19577655e-01, -3.05551793e-02,
       1.43090934e-01, -2.41335724e-02, 8.54540169e-02, -3.69853899e-03,
       1.31175518e-01, 7.72838667e-02, 1.26370952e-01, -3.11665638e-10,
       1.14707865e-01, 6.82918727e-03, -6.38571382e-02, 8.90843719e-02,
       4.83570285e-02, 9.42474678e-02, -3.08947843e-02, -2.36354128e-01,
       -2.11187415e-02, 1.35452792e-01, -2.45019179e-02, 1.14707865e-01,
       3.06746073e-10, 2.39661068e-01, 1.56384587e-01, -6.38232157e-02,
       6.90963343e-02, -5.74554540e-02, 1.97062083e-02, -1.00587577e-01,
       1.78999975e-01, 2.45019179e-02, 1.35452792e-01, -3.06019793e-10,
       1.14707865e-01, 4.77887318e-03, 7.76666449e-03, 6.14269376e-02,
       9.67917871e-03, 8.08492303e-02, 6.27691969e-02, -1.01637110e-01,
       -1.17981195e-01, 1.38974130e-01, 2.25489978e-02, 1.14707865e-01,
       2.92473018e-10, 2.33097389e-01, 9.99782458e-02, -8.54078308e-02,
       4.68963385e-02, -4.06733155e-02, -2.25018114e-02, -1.03740886e-01,
       1.56122953e-01, -2.25489978e-02, 1.38974130e-01, -2.91050073e-10,
       1.14707865e-01, 7.02869799e-03, 7.09149316e-02, 7.08009005e-02,
       -3.52996141e-02, 1.13225251e-01, 6.36625066e-02, -1.54950004e-02,
       -1.12619109e-01, 1.34225652e-01, 7.13267550e-02, 1.14707865e-01,
       2.59364447e-10, 2.60692537e-01, 8.05449784e-02, -1.07164606e-01,
       6.22920878e-02, -3.63677181e-02, -6.83228746e-02, -8.59957784e-02,
       1.38472900e-01, -7.13267550e-02, 1.34225652e-01, -2.57285887e-10,
       1.14707865e-01, -1.04813324e-02, 1.06181391e-01, 5.34426086e-02,
       -9.21774805e-02, 9.97343585e-02, 8.37325025e-03, 4.68331799e-02,
       7.61804404e-03, 1.14639252e-01, 1.03111796e-01, 1.14707865e-01,
       2.01833592e-10, 8.31130967e-02, 3.61073166e-02, -1.23863086e-01,
       -5.00946343e-02, 7.78277731e-03, -1.60844818e-01, 3.33809443e-02,
       -7.78879076e-02, -1.03111796e-01, 1.14639252e-01, -1.99458616e-10,
       1.14707865e-01, -9.33253858e-03, 1.19207077e-01, 3.73192541e-02,
       2.18432806e-02, -2.91569456e-02, -2.26867035e-01, 8.60011801e-02,
       -5.38790487e-02, 8.90795588e-02, 1.26156300e-01, 1.14707865e-01,
       1.35357323e-10, 3.93830389e-02, 3.79225239e-02, -9.40857008e-02,
       -8.45972300e-02, 4.34819311e-02, -1.53327495e-01, 4.31744978e-02,
       -1.26194417e-01, -1.26156300e-01, 8.90795588e-02, -1.32857614e-10,
       1.14707865e-01, -9.03688092e-03, 8.31313953e-02, -5.58893522e-03,
       9.30387229e-02, -6.78980052e-02, -1.48145914e-01, 5.56811839e-02,
       -3.84720489e-02, 5.80495261e-02, 1.24262758e-01, 1.14707865e-01,
       6.85887666e-11, 9.82170273e-03, 1.89175662e-02, -6.54655620e-02,
       -8.67015645e-02, 6.11415915e-02, -8.18227232e-02, 5.10825664e-02,
       -8.72297585e-02, -1.24262758e-01, 5.80495261e-02, -6.63621172e-11,
       1.14707865e-01, -1.89678445e-02, 6.27721176e-02, -5.48304282e-02,
       1.01919666e-01, -1.08694792e-01, -1.53293833e-01, 2.18216665e-02,
